0001000 010111
01111 01 0011 010001
00 1
0000110 00101 1010 01010 101110
001
1000111 0111 00 11001
10110 0001101 0100 1
011110 011110 0 1
001110
0 011 11011 01111
0100000 11 1000010
101000
11100 011
0010011 10 11100 10 10
010 000010
101010 1 11110 1100010
1010100 110110 0110 0
10
0001001 1110001 111 1001011
1000100 1010 0 00000 0
00010 011 1010110 0011 110
10
00111 0111111 000101 10 01
001110 011010
0 0 0100
1110
100 00 000 0010
00 0101 110 010
00010 1010010
010010 101100
10
10 11101 10
01 1010101 1111 0111
001011 010 101 11 1010
010
000011
101011 010 1000 000000 1
1 10011 1101100 1
0000 011001 110001 0000010
0111 101 1000 01100 11
001 001001 1110 0110110
0011
00011 0101 100
0011 1100100
11010 10
1100010 101
11110 1
010 10101 0 011111 000000
0000001 0 1
0 1111000
10 0100010 0
0 010 0110
011000 0000 0
1100 01111 111001 0100111
00 101000
010100
0 0101
11 000
1 0 01111 1000100 1100000
00110 0000 100 01001 000111
00010
110101
0 010011
101000 010011 101111 01 1100111
0010
111011 00 0
001 0011
010 1 1 1111101
011 1000010
001001 0010110 10 001 010
0111 0011010 00101 1100 1110
11 101000
00 101 0011110 0000111 10011
11 11 100110
1 0 1000111
1 0111111 0100100 1011 1010
1 1001 1001001
100001
00011
11010
1010 111 1110100
100110 0011 1 001110
0 0010 1001
000010 01110 1 011
01 0
0011 0101000 100
0010
1011111 101101 1 110
0
000 11 1100010
001111
101 011 1
100 1111011 10
1001001 1
01 01 11 110
001011 111100 00011 001111
111100 0 0
00001
0 0011
10000
10100 1
01001 000 1000110 0000111
111001 001 01001 10111 011
011111 1000
11000 001 01 0110
0100011 01 01
1001 0011000 11000 1111
10100 10110 1010
110 0010 11110 110
1101 111 0
1100 0 01 1011110
11011
1001 00101
010 00000 1110
00
111100 01000 0011001 11011
10 110101
10100 1 0010 0 101
011000 0110110 0001
0011111 011111 100100 111110
01010 100110 01 1100100
00 010010 101
10001 100110 1 10000
10 010 1 001 01
0001110 11 10 111110
11000 001011 0101000 0
011101 0100 01100 1110110
000111
1111111 00010 00 1 1011
10
100100 00101 00
10101 001110 00
1010 1 1101 0110001
01 0 0 0001001
0100010
00 110000 0
000110 111111 01 1100
1110110 111101 10010
010 1101 111 00
000 101001
1 111
111101 10010 0010111
1111000
10
010010 01 011 1101
1101 11 1110000 10100 011110
1 0001010
100000 0010101 111 0000 1110
1 01 0
10 110 01 00110 111000
01 0 1100 1 1010
1111 000
10111
0010 001100
0111 100 0100
11 0 0011 0011
111 001 111000
0 00100 11 11
110110 11 110111
111 1001 000 00
011111 1
00 00001
011011 11011 10000 0000101 1110
11011 110 1011 0011110
0100010 011 010 01 0010010
1110 10101 1 10101 0011010
1011
0 10 0100 00
00011 00111 0101 0010 0
000 010101
00 10110
100010 01
0010 10111 0010
00
001110 011000 1010001 000001
110100 0000010 0111 0001010
1010101
100 0 0101010 1111 0
001
010100 00
1 111 0 0000
11 110011 0 0001110
101101 1110000
110 100 000 0011 0
101 1010111 010010 001 1
011001 0010101
11
0011
1110 01111 1101 0000
0010 0100001 000010 000
10111 001 00 0011 1011
10
01110
100010
01 1010111 0001 1110
111000
011 11 0 0101
00110
010101 11 0011000 010
0110110 1111011 101110 100011
10110 10 1
111011 10 0011
0101 01 110010 100
001
110 11 00
000111 00101 010001 110
1011101 00 1110001 001
11000 011110 1111
0000100 1110001
100 01111 0000
100 0001 001 11001 00
111000 011 01111 00 1
1 110
10101 0110
1110 1000011 1 00
011001 101101
0101 1000 1111110
01000 1100 0
011001 010000 1110110
00 0 010 1011001 0
00010 10011 0
111 0010000 100000
000111
000 110110
110
1010101
10 1101100 010 1110 1
1
11011 01 10001 1111111
1 1100000
000011 0010010 00 1 1
0111000 0010000 11 10 111111
01110 010
001
0001001 000 0
1101 111011
0111
0 1
11111 10011 1111010
111
1011111 111 010 111 10
01 010001 11011 010111 000100
100111
110 1110010 0001 110 10100
000
110111 011 1010
10001 0 0 00
10001 011101 0101111 1100 1011
001 001110 10
000 01 100
100
1111001
11111 000 000010 00011
110 011 111011
0001001 1001 000101 0 1
00001 11011 10 10
11 100 111
0 0011 01010 001111 1
1001100 110
1011000 100 011000
1 111
01100 1111 0001 1001
1011011 01000 0100001
010111 1 1
0101 001101 1010011 101010 10
00011 01011 00011
0101110 011 0101000 000 01010
0011011 11001 01 010
0110001 111011 10111 1 11
10110 0 1101100
11 001 100001 0100110 00001
1000
11 1101
0110011
00 011
001 011 0110010 1100000
10001 1 111000 1
0011
11 01
0101 0101101 00 101011 010010
11010 100 000000 001
0111001 011011 110110 0 111
1 0000000
00
0011
11 11 000 1
0010000 0 1 011111 0100
001011 111011 10010 1100 001011
1001 10011 000001 10000
11111 11111 0 101001 1011
0000 11110
00
101011 1011 0101 0110001
0 0000 000 01 0001110
0100001 101
00 0001 000100 01010
01
10
0010100 1
110111 11 11 101001 10
1 1011100 011000
01 01
0001 1110 01 0
1000011 10 0 111011 01011
111010 0010101 10
1100 1
01101 101 1
01 100 1
0101100 010 00011 11
0000 11 111101 01
10110 1111011 001101
11 10101 100
1 0 00 1000101
1110 0011011 011110 00 001
00101 1101110 011 10
00100 101110 101 0
1011011 000100
1 00
0011001
11 111 01
1 001011
0 100 110011 0010 100
01000 0110101
10 10 1001
011011 11110 0110110
11111
110101 110
00010 000111 1 1
11
001 1100101 000 0
1000000
1 11 1 11 011111
0100 01010 01001 0000 11000
1110000 00 0011 1110 000111
111
1010 0 111010 11
11 011001
00 0010100 10 0100011
1111001 101001
1010001 0 0001 1 01001
010100 1101101 11 110100
110 001 00 00001 1
111
100 0110011
10010 010 0
00 110 0000010 0101 0100
01010
1101 01100 01001 1010
01000 0 0011111 1100 0
0 10
10 00111 10100 0
0010
011011 010111 10
110 1 11
1101101 01100 0 11010 001
01111 000 0110 100010 1
000 011 0 111100
0111 00
01011 1
001
1100 1000101 1001010 011101 11001
000 1010 10
001101 01 1001
0 111010 1110
1101 10001 111
11 0000
1000100 101100 0 0
001 1111 10
0111 0110 0011
101 10011 0
1 1010
0000
1 100 11 1 1010100
1111
0 1011001 101101
0 1101 01101
1
011 10001 1100101 10 001111
1000111
01100 01000 10 1
11000 1101 000000 111001 100110
01111 1000
000 100000 0
10 10001 11010 000
111011 11 0001101 0110010 0001
00110 0110001 11 101011 1101
011 011110 111010
0011 1101000 01111 00111
10001 011110 0111000 100 0
1
0001
111
0110010 10
10
0 00111 1
101 101 001101 10001 100111
111
0110 0001 000001
101
0111
0 111 10011
000001 11110 1011101 111011 1
0011111 011110 0000 1 00001
10 1010010
0 0000
010110
010 000100 1
00101 0100 111001 1
10 0
01 100
10010
0011 1 1100 1101 110100
101 0001 0110100 111000 1
0111 01 100110 10 111111
010000 0101 00
110
0 0001
11 011 00011 00100
010 001 10
110101 0001
10 1101 0100100 1101 001011
010
101 1100 1111010
0001000 010100 00101 01 1001100
0
1 1100
0 00 11 1011
1 1010 00110
10 1001001 1011001
110111 001101 00001
010
110101 1000000 01 0
00111 01101 100010 01
0101101 1000 011111 1
0111 1011 01 01101
1011111 01110 1 0
11
11001
10101 1 1110111 000101
001010 0011 01
0111100 000 101100 100101
000011 111 1010001
1011 110 1
00000 01
000 111 001 0100100
1 11 0100100 11001
000 111111 00101 0110
0100001 11 1101 11 1
1000100 0011
1 1101000 0 00000
0100 0011 1110010 0 11110
001 110011 010000
01110
00 11110 01 1101 01101
1 010
100011 1001100
110000
111100 1011 111000 1010 10101
0 0000101 100110 00
1000
0 0011110 1101100 000010 01
0000
110 1100011
1
010 00 1 0101110
001100 0 1010110 0110 11
011000 110110
111 0111111 1 00000
010 01100 1010
011 011 111 01 11011
011 11100
0 1000
1 01111 011010 1
11 0 00 0
11 0100011 0
100011 1110 0100000 01011 0110
1101
1110
00 0 01110 1 01
11
1001111 101011
1001
0 001 101 00
10000 001110 1001110 0
0111
0011 11
0 01 1010110
00 10101 001 1001 1100
01 10
01101 0 01011 1 010
0010011
100
1000001
0001 0110001 010111
00101 01 011 101
0001000 1100111 0010110
010 00 11011
101101 11
0
001111 00010 10 000001
000 11 110000 00001 011111
100 11010 101
1
010111 01100
0001 1 0110100 0001010
01
01 00001 00111 010100
0 00 0
001111 00 000111
100000 1 01000 1
011 11 0101
10 11001 010 11 00111
10 101
01000
1100100 11110 1010101 0001001 000
0010 1010000
0110101 1011 0
01101 0101111
01 0010010 11 1 100
10 001 1111110 1
10 100111 11 10 01110
0 001101 01 1111101 001101
011 110111 00111 011011
10100
111100 000111 0 01
0
1001 01101
0001100
101 11 1110101
0001 110
100 00 110 1110
11
1000
1 10110 1010 101100
10101 1011 000 0 10101
0011 1011 10
0110
0110 0100 1010100 1101001 00
011010
100 00101 0011100 00
00000 11 11 1001 0001
110 11 1101110 10001 01
011100 000000 00 100 0
11100 11
00 0110011 01 000000 1001
1001110 11 1 00010
10001 111
0110 00
0
011111
001
1011 11 01 0 010
10 1100 100010 01 100011
11100 11010 101
10 001010 1 1
1 00 0 1100
1100 10 0001001 111
0010 0
11110
110 100
0000111 100 0001 000111
1110100 01110 010110 1011000 0100
100 1110 10011 10100
1100 111101 0001111 11110
1 101 01
0 101010 11
1001 111 000 0010
0110 0 0 10 00
0
010
01100 10111 1 01
0
000 1000 1000110 11 0
00001 101
010 10010
01101 0111 1001011 101 001010
1111 1000 011011 11101 00
000111 01 001 1110010
100 1110111 01100
0011
000 1 10110 000
11 11
110001
00101 000 01 10110
1000
0010 00111 101111 1010 101
0 1 0101
01011
00101 1 11000
11010
111111 1011101 000111 001
1 0001000
0 00 10101 0100110 1
00001
10100
1 11 00 0010111 1001000
11 000 01 0100100
01
011 111 1001
0 011 1101 11 000111
111000 01011 00
011
1
11 1100111 1000
11 0011 0000100 0101000
100 101 00
110 11 001101 11 11111
1110010 011
00000 0011011 100 011
10001 10111 11111
10111 0 0
1000010 0001111 1011 0
0
100100 0010100 011100 101 0110101
0 0 100
100 0000 01
1101111
000011 01010 00111
111 0 01 0 01
11110
000000 1110 1101110 1 1
011 1100000 110010 111
1 0001 10
10 00
01001
10010 011010 11 101
00011 100 10
10110 00 1010100 11 11
00111 0 00 01 0111
11
110 0011 10001
011001 110 01110 01001 10
0010 0100 10100
0 010 01110 001 11011
00001 1101001 101 001
10011 0001
0101 111000 11
0 00010 0 010
11
10010 110110 101 10 110
1
100 0001 100 0110
11010 00
0 1000 1
00000 1100100 110000 1100011
0101110
101111 0 110 00010
11 1001 10000 00 1111111
10 1001
0111 1
1 10 11 100001 1001100
0101110 10 110 011
001011 1110001 1110111 010
0011101
0
1 0 10100 110001 1011
010000
0110 00
110100 1010
1 001011 00100 1011
101 1
1011110
101
1 0110 01
1010 110 0 01100
0101110 1100011 1 001100
10011 0 011101 1111 100
100101
01110 0011 0
1 0100 0 10 1111011
1000110 00110
1101101 11100 00101 100 0
01 10 00001
00001 111100 1110100
0001
1111
1110 101100
01 001 11111 10111 1100101
1110
01 00 110000 0
0001
1
10000
001010 1110
0 100 101 10000
1111001
0110 110 010 111 011
111 01 101111
10 111 11100 10111
10111 1111 11 1
1100101 10100 1000 10000
10000 1001 11111 101100 1011011
00110
1001111 01 1110 0
101100 10011 110 1 000
11 0100 0111 1110
01 0011111 11 0 1001
01110
1 0100 1101 101
01 0
01 01 10 0 10100
100 001001
1110000 0 001110 011 01
11000 110011 010
01 1000 1111110
0000 1 0110 01
0 010110 1100011 0
1000111
0111011
111110 010
0000 100011
000001
1010 0000100
1100 00
1000101 1 1000001 110010 1010000
011011 0 111 1 010
1
10101 1110
1111 111 11 0010111
0 100011 110 001000
1 01 1110 1011
1101
100 01 100
00010 0 00011
010110 11001
1111
11 001111 0101 011 010000
1000111 110 1101010 0
00000 0011 1100101 01
00101 1
1101011 0 010 10001 100110
11010 011
01010
01
0001000 10
0 11 1
10111 110 110
10 1010011
1001
1
11 1000 1110 0101 111111
01 110 0110101
100
001 110110 111101 1 001100
0 0 0101 0011 01
110 110 110 1111
01010 10011
010
10101 1
100 001
1000000 1101011 10010
100100 1 111 1011111 1
1010000 01 01001 01000
0110100 0
10010 01 00000 0010 00
101 1111111 0001000
0 1111111 111
1 001101 0000011
1
0111 01
010 1000110 01100 00101
11 010001 0010011 101 110
100100 10010 0111 10110 0
1 0101 101
11111 0110001 00010 11000
1010111 1011 000 100
01 00110 00 101001
00110
11000
010101
1101101 0111000 000 001110 11
100 0110100 010 10
1101 011 1001 11101
01101 110 010101 0111011
0100110
100
0
11101 1101 1111
01
01 010 0
110111 0 1110010
1001
001 01 11 0110
110110 0111101
0100010 111
100001 0 01
0111 0
111001 0 1000000 11111 10
11 01
0010101 1010110 0100 1 1100
0 00 10 011 00
0110001 10111 1011 1
000011 0100110
011 101 10 0011 11
11 00 010011 11111 1111001
11 111111 000 1 0
0000 0101 01
10001 0101 0010 0 0
11 010 1001 101110
0001010
001 1110110 10 00011
11111 00000 1001001 10
0000110
11110 0 00 10 1000110
1100001 1101010 0 00000
101 11101 10000
100 10111
01 1110001 000010
1
101110 00 11111
11 111001 010
0 11
001 111101 0001100
1100100 0100101 00100 111
00
000
1 10100 11111 10
0110 00110 1100 0 011101
1 010
0111 00011 0110100 1111100
101 110100
10110 100000
10100 11101 01111 10010
1010 11 0
10100 00010 011 11111
0100
0101 01101
01000
0001001
1000001 111
1110
1
1
101 110010 1011100 10 1000
1101100
10 0011 01011 00111 111001
0010 10011 100001 101 1
1110111 1011101 1 1110 100
010001 010 1110 0010
1000 1 0011011 11010 0
0
0001 10 0010000 000010 00110
0 1100 1 01000 1
000000
100 111 11101 1001
10110
000 01010 010 0 001110
010
101 1101100
110010 111
0101100
11100
0
100 010101 1111
0011110 000110 000000 00 0000
001 011 110100
1 11000 10
011111 1101 0101101 0011101
10111 0 1000011 1101100
0 0 110000 0010100 11110
10 1101011 1 1
01 1
0 010110 1101110
10110 111 00001 0
1110 1001111 10
11110 101 110001 100 1010100
11100 0000100 001 1 0001001
01 1
0100010 100000 00101 111 11
0000111 11 001
0011 1011011 11
01
01 10
001100 0
00 10
01011 1111 10
0
1 0001011
000 1000110 101
101 00
000011 10
000011 0011
00 11111 0001 1001 010000
0 0
00010 11101 1011 010100 111
000
1 0 0111001
1100000 1
011 1101110
000001 0010110 0 100 00
110 00110 110010 1111110
0111 100110
1
1110 0100000
1111 01000 00
0010110 11 110001
1011001
10 1110101
011
111 1011000
1010010
100 0 1100110
10 11000 00 1101000
0 010 10 1 101101
001010 011 10001 0 1
0001 11 011000 0000111
0110 1 1 00100
0001000
1 0011 0
101011 0001011
010110 0101101
0 010 101 0100010
11
0 111100 1100
1 0001 0 1110011 001010
10 0011100
11 10 1100 0 111
1011110 100100 00 111111
0101 1001000 0 0101111 111
00 1110111 11 1110000 11000
1000 010100 1100 1
1 0 1 010 10100
101111 0110110 00 0000 001
0011101 0010101
0101 10 01 1100111 00100
111001
11 1001 0
101101 01001 111001
1 1
00110 101 11
011 1110111 1000100 001101 1110
10 110
01 00 110101 01110 1110110
101100 001001
1 0111
01010 0 0111010 010010
0001 11 0010011 0001111 00000
11 0011 111000 1101 1000
10101 010001
00111 0011011 0 110000 101
000
01 1010 01010
1 1 001101 0001101 00
0100111
111111 001000 110 01110 1
1 1 101 100 0
00 0011110
1000
00 0111110 1 11 0
110100 11
01111 1 01111 01001 01
01110 001101 11100
01010 0110 101000
00001 10010 01000 01
101
011101
00110 1000100 111 11111
001011
001100
010 10010
011 1101 0011100 0011 1111101
001101 0 0 0001101 111
110
1101 1 0
11001
1000 01
1100 001 0
1010101 011
101
0000111 10
1011100 00 100111 0 011001
0110 0011 10011 0101101
0 1001
0001 11
11 11011 000 00
000
1011 001 1
0100011 1011011 10 1000000 10
0100
00 0 1001011 010 0100
1111
011 1110000 1 10011
11010 011111 101011
1011 0 00000
110 1011
10 10000 101100 0100
1001 1110101 10111
0 111 0
0 0000111 011110 11010 1010
010111 0001
1010
0010011
1000 1100000 110110 010101
01 0 11 1
1111 001 1 000100 0
111110 0110110 1
101
101 01110 1110111
010001
0001 1
